a <- 16*2
